13107
13622
12301
2611
13109
12594
3338
13107
13109
12813
2611
13109
12596
3338
13107
13617
12813
2611
13108
14646
3338
13107
13112
13325
2611
13108
14646
3338
13107
13874
13325
2611
13110
12852
3338
13107
14131
13837
2611
13110
13622
3338
13107
14130
12557
2611
13109
13364
3338
13107
13625
12813
2611
13110
14130
3338
13107
13879
12813
2611
13110
13361
3338
13107
13369
13837
2611
13109
14642
3338
13107
13622
12301
2611
13110
12344
3338
13107
13623
13837
2611
13109
13872
3338
13107
13620
13581
2611
13108
13879
3338
13107
13623
13837
2611
13109
14134
3338
13107
13618
14349
2611
13109
13872
3338
13107
13622
12301
2611
13109
13872
3338
13107
13617
13069
2611
13109
12857
3338
13107
13617
12813
2611
13109
12340
3338
13107
13617
12813
2611
13108
14646
3338
13107
13622
12301
2611
13108
13368
3338
13107
13360
12301
2611
13108
14646
3338
13107
13369
13837
2611
13108
13877
3338
13107
13367
12813
2611
13108
13877
3338
13107
13363
12813
2611
13107
14388
3338
13107
13369
13837
2611
13108
13879
3338
13107
13366
13837
2611
13108
14646
3338
13107
13619
13837
2611
13108
13106
3338
13107
13369
13837
2611
13108
14130
3338
13107
13369
13837
2611
13108
14646
3338
13107
13369
13837
2611
13108
13368
3338
13107
13365
12301
2611
13108
12336
3338
13107
13622
12301
2611
13108
13876
3338
13107
13617
12813
2611
13108
13617
3338
13107
13618
14349
2611
13108
14130
3338
13107
13874
13581
2611
13109
12594
3338
13107
13369
13837
2611
13109
13872
3338
13107
13619
12557
2611
13108
12336
3338
13107
13111
12301
2611
13109
13110
3338
13107
13872
12301
2611
13108
13106
3338
13107
13369
13837
2611
13109
12594
3338
13107
13361
13837
2611
13108
12336
3338
13107
13368
12301
2611
13108
14646
3338
13107
13617
12813
2611
13108
13876
3338
13107
13369
13837
2611
13109
12856
3338
13107
13622
12301
2611
13109
13872
3338
13107
13872
12301
2611
13108
12336
3338
13107
13369
13837
2611
13108
12339
3338
13107
13622
12301
2611
13108
14646
3338
13107
13366
13837
2611
13108
12598
3338
13107
13366
13325
2611
13108
14384
3338
13107
13617
12813
2611
13108
14646
3338
13107
13617
12813
2611
13109
12856
3338
13107
13619
13837
2611
13109
14134
3338
13107
13617
12813
2611
13108
14384
3338
13107
13369
13837
2611
13108
13876
3338
13107
13617
12813
2611
13109
13872
3338
13107
13369
13837
2611
13109
13110
3338
13107
13622
12557
2611
13106
14392
3338
13107
13361
13837
2611
13107
13880
3338
13107
13622
12301
2611
13109
12594
3338
13107
13367
12813
2611
13108
13878
3338
13107
13618
14349
2611
13108
14384
3338
13107
13368
12301
2611
13109
12596
3338
13107
13364
14349
2611
13109
12856
3338
13107
13618
14349
2611
13109
13872
3338
13107
13369
13837
2611
13108
14646
3338
13107
13112
13325
2611
13108
14646
3338
13107
13363
12813
2611
13109
14134
3338
13107
13625
13069
2611
13108
13106
3338
13107
13618
14349
2611
13109
12856
3338
13107
13619
13837
2611
13109
12594
3338
13107
13617
12813
2611
13109
12594
3338
13107
13623
13837
2611
13107
14391
3338
13107
13366
13325
2611
13110
12852
3338
13107
13623
13837
2611
13109
13364
3338
13107
13617
12813
2611
13109
12856
3338
13107
13620
13325
2611
13108
14646
3338
13107
13616
13325
2611
13108
13618
3338
13107
13619
13837
2611
13109
14134
3338
13107
13363
12813
2611
13109
12856
3338
13107
13364
12301
2611
13109
12594
3338
13107
13369
13837
2611
13109
12856
3338
13107
13617
12813
2611
13108
14130
3338
13107
13366
13325
2611
13109
13876
3338
13107
13617
12813
2611
13108
14647
3338
13107
13363
12813
2611
13108
14646
3338
13107
13620
13325
2611
13109
13872
3338
13107
13367
12813
2611
13108
12336
3338
13107
13368
12301
2611
13109
12594
3338
13107
13360
12301
2611
13107
14388
3338
13107
13618
14349
2611
13108
13360
3338
13107
13112
13325
2611
13108
14384
3338
13107
13364
14605
2611
13108
13360
3338
13107
13112
13325
2611
13108
13876
3338
13107
13618
14605
2611
13108
14646
3338
13107
13619
13837
2611
13108
13368
3338
13107
13623
14349
2611
13109
12594
3338
13107
13363
12813
2611
13109
13872
3338
13107
13622
12301
2611
13109
12594
3338
13107
13360
12301
2611
13108
14130
3338
13107
13622
12813
2611
13108
13876
3338
13107
13618
14349
2611
13108
14384
3338
13107
13360
12301
2611
13107
14388
3338
13107
13874
13325
2611
13108
12598
3338
13107
13366
13325
2611
13108
14131
3338
13107
13617
12813
2611
13109
12594
3338
13107
13363
12813
2611
13109
13880
3338
13107
13620
13325
2611
13109
14642
3338
13107
13623
14093
2611
13109
13872
3338
13107
13617
12813
2611
13109
13364
3338
13107
13622
12301
2611
13108
14646
3338
13107
13365
12301
2611
13107
13881
3338
13107
13616
13325
2611
13108
12598
3338
13107
13363
12813
2611
13109
13872
3338
13107
13622
14349
2611
13108
14131
3338
13107
13368
12301
2611
13109
14134
3338
13107
13622
12301
2611
13109
13872
3338
13107
13622
12301
2611
13109
13110
3338
13107
13625
12813
2611
13108
14646
3338
13107
13622
12301
2611
13107
13880
3338
13107
13623
14093
2611
13108
13876
3338
13107
13363
12813
2611
13109
12857
3338
13107
13366
13325
2611
13109
13880
3338
13107
13369
13837
2611
13108
12598
3338
13107
13360
12301
2611
13109
14134
3338
13107
13617
13325
2611
13108
13877
3338
13107
13366
13325
2611
13108
13106
3338
13107
13361
13837
2611
13109
12594
3338
13107
13618
14349
2611
13108
14647
3338
13107
13360
13581
2611
13108
13876
3338
13107
13364
14349
2611
13108
14646
3338
13107
13368
12557
2611
13109
13104
3338
13107
13617
12813
2611
13109
12594
3338
13107
13361
13837
2611
13110
12344
3338
13107
13366
13325
2611
13109
14134
3338
13107
13618
14349
2611
13109
12856
3338
13107
13363
13581
2611
13108
12336
3338
13107
13363
12813
2611
13108
14130
3338
13107
13618
14349
2611
13109
13110
3338
13107
13369
13837
2611
13108
13876
3338
13107
13618
14349
2611
13108
14384
3338
13107
13364
14349
2611
13107
13880
3338
13107
13618
14349
2611
13108
14130
3338
13107
13366
13325
2611
13108
13876
3338
13107
13625
13069
2611
13109
13872
3338
13107
13622
12301
2611
13109
13872
3338
13107
13360
14605
2611
13109
12856
3338
13107
13364
14605
2611
13108
14130
3338
13107
13618
14349
2611
13109
13872
3338
13107
13367
12813
2611
13108
14646
3338
13107
13112
13581
2611
13108
13876
3338
13107
13622
12301
2611
13109
12594
3338
13107
13112
13325
2611
13108
14646
3338
13107
13366
13325
2611
13108
14646
3338
13107
13360
12301
2611
13108
14384
3338
13107
13618
14605
2611
13108
13876
3338
13107
13366
13837
2611
13108
14647
3338
13107
13368
12301
2611
13109
12856
3338
13107
13360
12301
2611
13109
13364
3338
13107
13617
12813
2611
13108
14646
3338
13107
13619
13837
2611
13109
13873
3338
13107
13623
14349
2611
13109
12856
3338
13107
13112
14093
2611
13109
13364
3338
13107
13360
12301
2611
13109
12856
3338
13107
13364
14349
2611
13109
13872
3338
13107
13622
12301
2611
13108
13368
3338
13107
13369
13837
2611
13109
13364
3338
13107
13363
12813
2611
13108
13876
3338
13107
13617
12813
2611
13108
13876
3338
13107
13368
12301
2611
13109
12856
3338
13107
13618
14349
2611
13109
13110
3338
13107
13623
14093
2611
13108
14384
3338
13107
13369
13837
2611
13108
13106
3338
13107
13622
12301
2611
13109
13872
3338
13107
13618
14349
2611
13107
14389
3338
13107
13366
13325
2611
13109
12856
3338
13107
13369
13837
2611
13108
13877
3338
13107
13369
13837
2611
13109
13872
3338
13107
13622
12301
2611
13108
14646
3338
14135
3338
12592
14093
2610
12341
3338
12597
14349
2609
14393
3338
12595
13325
2609
12599
3338
12593
12813
2609
12855
3338
12597
12557
2611
13108
13368
3338
13107
13364
14349
2611
13108
13876
3338
13107
13369
13837
2611
13108
13368
3338
13107
13366
13325
2611
13108
13879
3338
13107
13364
14605
2611
13109
13872
3338
13107
13619
13837
2617
14093
2609
13881
3338
14642
3338
12595
13581
2610
12857
3338
12598
14605
2609
13368
3338
12301
2609
13361
3338
12601
12301
2611
13108
14384
3338
13107
13366
13325
2611
13109
12856
3338
13107
13617
12813
2611
13108
14646
3338
13107
13619
12301
2611
13108
14646
3338
13107
13622
12301
2611
13108
14647
3338
13107
13623
13837
2609
14640
3338
12593
13069
2617
13069
2610
14646
3338
12850
12813
2616
12301
2610
12341
3338
12597
14093
2609
13111
3338
12597
14349
2611
13107
13618
3338
13107
13369
13837
2611
13109
12856
3338
13107
13622
12301
2611
13109
14134
3338
13107
13622
12301
2611
13109
13872
3338
13107
13622
14349
2611
13109
14642
3338
13107
12848
14349
2609
14391
3338
12594
14349
2610
12336
3338
12597
12301
2609
13881
3338
12593
13581
2609
12857
3338
12596
13581
2609
12848
3338
12592
13581
2611
13108
14646
3338
13107
13623
13837
2611
13109
14135
3338
13107
13368
12301
2611
13109
12594
3338
13107
13619
13837
2611
13109
12594
3338
13107
13619
13837
2611
13109
13872
3338
13107
13360
14349
2609
12853
3338
12597
13581
2609
13369
3338
12597
12813
2609
13361
3338
12594
12557
2609
12338
3338
14649
3338
12601
13069
2610
12852
3338
13107
13369
13837
2611
13108
14384
3338
13107
13622
13325
2611
13108
13879
3338
13107
13369
14093
2611
13108
13368
3338
13107
13364
14349
2611
13107
13364
3338
13107
13369
13837
2611
13109
12340
3338
14640
3338
12598
13837
2609
12853
3338
12849
13581
2609
13624
3338
12848
13581
2610
13366
3338
12598
13837
2609
14644
3338
12596
14093
2611
13109
14135
3338
13107
13366
13325
2611
13109
13872
3338
13107
13622
12301
2611
13108
14646
3338
13107
13618
14349
2611
13108
14130
3338
13107
13368
12301
2611
13108
14646
3338
13107
13622
12301
2609
12341
3338
12599
13837
2609
13106
3338
12597
13581
2610
13362
3338
12849
14605
2609
14643
3338
12595
13069
2609
13109
3338
12598
12301
2611
13108
13106
3338
13107
13623
13837
2611
13108
13360
3338
13107
13618
14349
2611
13107
14388
3338
13107
13618
14349
2611
13108
13106
3338
13107
13369
13837
2611
13108
13108
3338
13107
13618
14605
2609
14136
3338
12597
14605
2616
12557
2610
12593
3338
12598
13069
2610
12601
3338
12599
12813
2609
13880
3338
12848
12557
2609
12853
3338
13107
13618
14349
2611
13109
12857
3338
13107
13110
14349
2611
13108
14384
3338
13107
13623
14093
2611
13108
13368
3338
13107
13366
13325
2611
13108
13876
3338
13107
13625
12813
2611
13108
13106
3338
12597
13581
2609
14132
3338
13874
3338
12594
14349
2609
13617
3338
12598
13837
2609
13364
3338
12849
13325
2609
12849
3338
12596
3338
13107
13360
12301
2611
13109
13880
3338
13107
13367
12813
2611
13109
12340
3338
13107
13369
13837
2611
13109
12595
3338
13107
13110
14349
2611
13109
13105
3338
13107
13618
14349
2611
13109
12340
3338
13875
3338
12598
14605
2609
12857
3338
12596
12813
2614
14349
2610
12594
3338
12848
13069
2610
12594
3338
14647
3338
12596
13069
2611
13108
13106
3338
13107
13366
13325
2611
13109
12856
3338
13107
13623
13837
2611
13109
13872
3338
13107
13366
13325
2611
13109
12856
3338
13107
13364
12301
2611
13109
12856
3338
13107
13618
14349
2617
14349
2609
12599
3338
12849
12301
2615
13581
2609
12849
3338
12595
14093
2609
13106
3338
12601
13069
2609
14645
3338
14389
3338
13107
13110
14349
2611
13107
14388
3338
13107
13369
13837
2611
13108
14646
3338
13107
13617
13069
2611
13109
14642
3338
13107
13110
14349
2611
13109
13880
3338
13107
13620
13325
2611
13109
13110
3338
12594
14349
2609
14387
3338
14644
3338
12596
14093
2609
12850
3338
12594
13069
2610
13362
3338
12596
12301
2609
12592
3338
12850
13069
2611
13108
13876
3338
13107
13364
14349
2611
13108
13368
3338
13107
13618
14605
2611
13108
12336
3338
13107
13617
13581
2611
13108
13106
3338
13107
13361
13837
2611
13108
12336
3338
13107
13618
14349
2609
12340
3338
12596
14093
2609
13873
3338
14393
3338
12600
12301
2609
13369
3338
12593
14093
2616
14605
2617
12813
2609
13879
3338
13107
13364
14349
2611
13109
13111
3338
13107
13367
12813
2611
13109
14642
3338
13107
13622
14349
2611
13108
13106
3338
13107
13623
13837
2611
13108
13876
3338
13107
13363
12813
2611
13109
12856
3338
12593
14349
2609
13881
3338
14384
3338
12852
13069
2609
13616
3338
12599
3338
14647
3338
12593
13325
2609
13875
3338
12596
14349
2611
13108
13106
3338
13107
13622
12301
2611
13108
13619
3338
13107
13363
12813
2611
13109
12595
3338
13107
13623
13837
2611
13108
13876
3338
13107
13360
14349
2611
13108
14646
3338
13107
13619
12813
2609
13878
3338
13625
3338
12598
14093
2609
14135
3338
12594
14605
2610
13105
3338
12600
14093
2609
13617
3338
12597
13837
2609
13112
3338
13107
13618
14349
2611
13109
14642
3338
13107
13622
12301
2611
13109
13111
3338
13107
13369
13837
2611
13109
13364
3338
13107
13622
12301
2611
13108
13368
3338
13107
13360
12301
2611
13108
14646
3338
14646
3338
12851
12301
2609
12851
3338
12848
13581
2609
12853
3338
12598
13581
2609
14385
3338
12597
13069
2609
13109
3338
12596
13325
2611
13109
12594
3338
13107
13622
12301
2611
13108
13368
3338
13107
13369
13837
2611
13110
12336
3338
13107
13622
12301
2611
13109
12856
3338
13107
13623
13837
2611
13108
14384
3338
13107
13620
13325
2609
14134
3338
13366
3338
12597
13581
2609
13877
3338
12598
14605
2612
14093
2609
12594
3338
12601
12557
2609
12849
3338
12598
12301
2611
13109
14642
3338
13107
13360
12301
2611
13109
12594
3338
13107
13369
13837
2611
13108
13876
3338
13107
13368
12301
2611
13108
14647
3338
13107
13366
13325
2611
13108
13876
3338
13107
13360
12301
2609
12594
3338
12600
14349
2610
12598
3338
12848
14093
2610
12851
3338
13875
3338
12598
14093
2615
14093
2612
14605
2610
12344
3338
13107
13619
13837
2611
13109
14134
3338
13107
13625
12813
2611
13109
12856
3338
13107
13618
14349
2611
13108
14646
3338
13107
13369
13837
2611
13107
14388
3338
13107
13361
13837
2611
13107
14388
3338
12600
13325
2610
12852
3338
12851
13581
2609
14137
3338
12592
12813
2610
12343
3338
12598
14349
2609
13366
3338
14643
3338
12594
13069
2611
13108
13876
3338
13107
13360
12301
2611
13109
12594
3338
13107
13618
14605
2611
13109
12856
3338
13107
13618
14349
2611
13109
12856
3338
13107
13618
14349
2611
13108
13369
3338
13107
13366
13325
2609
13360
3338
12849
13325
2609
13366
3338
12594
13069
2609
14134
3338
12596
12557
2617
13325
2609
13107
3338
14387
3338
14130
3338
13107
13872
14605
2611
13109
12340
3338
13107
13369
13837
2611
13109
12856
3338
13107
13363
12813
2611
13110
13360
3338
13107
13623
13837
2611
13109
13872
3338
13107
13369
13837
2611
13109
13872
3338
12599
14349
2609
13366
3338
12592
14349
2610
12343
3338
12852
14349
2609
13106
3338
12851
14605
2617
14605
2609
12856
3338
12595
13069
2611
13108
14646
3338
13107
13360
14349
2611
13109
13112
3338
13107
13617
12813
2611
13108
13876
3338
13107
13369
13837
2611
13109
13872
3338
13107
13872
14605
2611
13109
13872
3338
13107
13623
14093
2609
13112
3338
12598
14349
2609
13877
3338
12593
14093
2609
13876
3338
14645
3338
12599
12301
2609
13617
3338
12597
14605
2610
12344
3338
13107
13623
13837
2611
13108
13106
3338
13107
13618
14349
2611
13108
13360
3338
13107
13622
12301
2611
13110
12345
3338
13107
13367
12813
2611
13108
13106
3338
13107
13622
12301
2611
13108
14384
3338
12851
12557
2609
14131
3338
12600
13581
2609
13366
3338
12848
13325
2609
14647
3338
14134
3338
12592
14093
2610
12598
3338
12852
14349
2611
13110
12852
3338
13107
13618
14349
2611
13109
13872
3338
13107
13361
13837
2611
13109
13877
3338
13107
13360
12301
2611
13108
14130
3338
13107
13874
13325
2611
13107
14388
3338
13107
13369
13837
2609
12600
3338
14393
3338
12599
12557
2617
13581
2609
12857
3338
12599
12557
2615
12301
2609
13872
3338
12597
13581
2616
13069
2611
13109
13872
3338
13107
13369
13837
2611
13109
14644
3338
13107
13617
12813
2611
13108
14646
3338
13107
13622
12301
2611
13108
12849
3338
13107
13364
12301
2611
13108
13621
3338
13107
13369
14093
2609
13625
3338
12593
13325
2610
12338
3338
14646
3338
12850
13325
2609
14640
3338
12849
13069
2609
13618
3338
12851
12557
2609
14137
3338
13107
13361
13837
2611
13109
14384
3338
13107
13618
14349
2611
13110
12852
3338
13107
13622
12301
2611
13108
13368
3338
13107
13366
13325
2611
13109
13111
3338
13107
13622
12301
2611
13109
12856
3338
12601
12557
2609
13878
3338
12594
12301
2610
13112
3338
12599
14349
2609
13109
3338
14649
3338
12851
12557
2609
13106
3338
12600
12301
2611
13108
13360
3338
13107
13368
12301
2611
13109
13880
3338
13107
13366
13325
2611
13109
12856
3338
13107
13623
14093
2611
13107
13880
3338
13107
13622
14605
2611
13108
12336
3338
13107
13369
13837
2609
13109
3338
14391
3338
14645
3338
12593
13581
2610
12848
3338
12597
13069
2610
13107
3338
12601
13325
2609
12600
3338
12592
14349
2611
13108
13876
3338
13107
13618
14349
2611
13110
14392
3338
13107
13369
13837
2611
13109
12594
3338
13107
13112
13581
2611
13109
12856
3338
13107
13623
13837
2611
13108
13368
3338
13107
13623
13837
2609
13875
3338
12594
14349
2609
12337
3338
12598
14093
2609
14136
3338
12596
14349
2609
13112
3338
12596
13325
2609
14130
3338
12600
12301
2611
13109
13880
3338
13107
13368
12301
2611
13109
13872
3338
13107
13369
13837
2611
13108
13368
3338
13107
13620
13325
2611
13108
14130
3338
13107
13618
14349
2611
13108
13876
3338
13107
13618
14349
2609
12598
3338
12855
12301
2609
14130
3338
12598
13325
2609
12342
3338
12850
12557
2609
13624
3338
12592
14349
2609
14389
3338
12593
13837
2611
13108
12336
3338
13107
13364
14349
2611
13109
12594
3338
13107
13364
14349
2611
13109
13365
3338
13107
13360
12301
2611
13109
13872
3338
13107
13112
13325
2611
13109
13880
3338
13107
13360
13069
2609
14134
3338
12596
12557
2609
13104
3338
12601
14349
2609
14392
3338
12593
13837
2610
13368
3338
12853
14605
2609
13363
3338
14640
3338
13107
13617
13581
2611
13108
12344
3338
13107
13368
12301
2611
13108
13360
3338
13107
13617
12813
2611
13108
14646
3338
13107
13623
13837
2611
13108
13876
3338
13107
13366
13325
2611
13109
13872
3338
12596
13581
2609
14130
3338
12600
14349
2609
14384
3338
12600
13837
2615
13837
2609
13364
3338
12597
14093
2609
13878
3338
12595
14093
2611
13109
14134
3338
13107
13112
13325
2611
13108
14646
3338
13107
13369
13837
2611
13109
13872
3338
13107
13366
13325
2611
13109
13872
3338
13107
13622
12301
2611
13108
14646
3338
13107
13366
13581
2609
14393
3338
12851
12557
2609
14643
3338
12594
12813
2609
14128
3338
13618
3338
12599
13581
2609
12856
3338
12851
13581
2609
13620
3338
13107
13366
13325
2611
13109
13104
3338
13107
13622
12301
2611
13108
14646
3338
13107
13366
13325
2611
13108
14384
3338
13107
13364
14349
2611
13109
12856
3338
13107
13622
12301
2611
13107
14388
3338
12595
13581
2609
14389
3338
12599
14605
2609
13363
3338
12592
13581
2609
13624
3338
12595
12813
2609
13362
3338
12601
12301
2609
12592
3338
13107
13618
14349
2611
13109
14642
3338
13107
13618
14349
2611
13108
13106
3338
13107
13622
14349
2611
13109
13872
3338
13107
13369
13837
2611
13109
13872
3338
13107
13361
13837
2611
13108
14384
3338
12597
13069
2610
12849
3338
14132
3338
13104
12813
2609
14136
3338
13366
13581
2616
14349
2609
14645
3338
12596
12557
2609
12343
3338
13107
13619
13837
2611
13109
13872
3338
13107
13622
12557
2611
13108
14646
3338
13107
13622
12301
2611
13109
13872
3338
13107
13368
12301
2611
13109
12856
3338
13107
13623
13837
2611
13109
14642
3338
12600
13837
2609
14648
3338
12599
12557
2609
13621
3338
12852
14605
2610
13110
3338
13872
3338
12599
12813
2609
13624
3338
12594
13325
2611
13109
12856
3338
13107
13620
13325
2611
13109
12856
3338
13107
13872
12301
2611
13109
12856
3338
13107
13363
12813
2611
13109
13110
3338
13107
13369
13837
2611
13109
13872
3338
13107
13368
12301
2609
13872
3338
14132
3338
12596
12557
2609
13620
3338
12601
14349
2610
12850
3338
12594
12813
2610
14134
3338
12597
12301
2609
14647
3338
13107
13369
13837
2611
13109
14134
3338
13107
13369
13837
2611
13108
12598
3338
13107
13622
12301
2611
13109
14134
3338
13107
13363
13069
2611
13108
14646
3338
13107
13618
14349
2611
13109
14134
3338
12593
13069
2609
14131
3338
12596
14605
2617
14093
2609
12344
3338
12851
14093
2609
13365
3338
12851
13837
2609
14384
3338
14646
3338
13107
13872
14349
2611
13109
13872
3338
13107
13368
12301
2611
13108
14646
3338
13107
13623
13837
2611
13109
13872
3338
13107
13625
12813
2611
13108
14646
3338
13107
13363
12813
2611
13108
13360
3338
12599
14605
2609
12599
3338
12598
13325
2613
14605
2609
13625
3338
12601
13837
2609
14643
3338
12851
14093
2609
12593
3338
12849
14093
2611
13109
12856
3338
13107
13368
12301
2611
13109
13872
3338
13107
13623
14093
2611
13107
12341
3338
13107
13369
13837
2611
13108
14384
3338
13107
13622
12813
2611
13108
13368
3338
13107
13620
13325
2609
13873
3338
12592
14605
2612
14605
2609
12853
3338
12600
12301
2614
14605
2609
13875
3338
12597
12813
2611
14646
3338
12598
13581
2611
13109
12856
3338
13107
13360
12301
2611
13108
14384
3338
13107
13617
13837
2611
13109
13872
3338
13107
13369
13837
2611
13107
14388
3338
13107
13620
13325
2611
13109
13872
3338
13107
13622
12557
2609
13616
3338
12598
14093
2609
13361
3338
12601
14093
2609
14640
3338
12595
14093
2609
12340
3338
12598
12557
2609
13625
3338
12595
14093
2611
13110
13360
3338
13107
13360
12301
2611
13108
14646
3338
13107
13369
13837
2611
13108
14646
3338
13107
13360
12301
2611
13109
13872
3338
13107
13361
13837
2611
13109
13872
3338
13107
13616
13325
2609
14388
3338
12596
12557
2609
14390
3338
14640
3338
12597
13581
2610
13620
3338
12596
13581
2609
13112
3338
12596
14349
2615
13581
2611
13108
14646
3338
13107
13364
14605
2611
13108
14646
3338
13107
13616
13325
2611
13108
13368
3338
13107
13367
12301
2611
13107
13880
3338
13107
13369
14093
2611
13108
13106
3338
13107
13366
13325
2616
13069
2610
12337
3338
12594
12557
2610
13875
3338
12600
12557
2609
13880
3338
12593
12301
2609
14388
3338
12599
12557
2610
12857
3338
13107
13366
13325
2611
13108
14646
3338
13107
13366
13325
2611
13108
14646
3338
13107
13620
13325
2611
13108
12598
3338
13107
13366
13325
2611
13109
12594
3338
13107
13366
13325
2611
13109
13365
3338
12850
12301
2609
13617
3338
12601
13837
2609
12593
3338
12600
13069
2609
14134
3338
12601
12813
2610
12600
3338
12600
13837
2609
14390
3338
13107
13369
13837
2611
13108
13876
3338
13107
13366
13325
2611
13108
13106
3338
13107
13616
13325
2611
13109
13880
3338
13107
13623
13837
2611
13109
13364
3338
13107
13622
12301
2611
13109
13872
3338
12851
13325
2610
13360
3338
12600
13325
2609
12344
3338
12598
13837
2609
13368
3338
12597
12301
2609
14645
3338
12601
12557
2609
14647
3338
13107
13369
13837
2611
13108
14130
3338
13107
13622
12301
2611
13109
12856
3338
13107
13360
14349
2611
13108
12336
3338
13107
13368
12557
2611
13108
13106
3338
13107
13617
12813
2611
13109
13872
3338
12599
12301
2609
13362
3338
12598
13581
2609
13876
3338
12600
14605
2609
13360
3338
12854
13837
2609
13361
3338
12594
14605
2609
14132
3338
13107
13360
12301
2611
13108
12337
3338
13107
13360
12813
2611
13108
13106
3338
13107
13369
13837
2611
13109
12856
3338
13107
13366
13325
2611
13109
12856
3338
13107
13361
13837
2611
13109
13111
3338
12596
13581
2617
12301
2617
14605
2609
12597
3338
12594
13837
2610
12856
3338
12596
14605
2609
12344
3338
12852
12557
2609
13619
3338
13107
13617
12813
2611
13108
13877
3338
13107
13618
14349
2611
13109
14135
3338
13107
13369
13837
2611
13107
14388
3338
13107
13616
13325
2611
13108
12344
3338
13107
13622
14349
2611
13109
13364
3338
12596
13325
2609
13875
3338
12599
12813
2610
12341
3338
12596
13069
2609
12855
3338
12593
12557
2609
13624
3338
12848
13325
2609
13624
3338
13107
13369
13837
2611
13109
12594
3338
13107
13369
13837
2611
13109
13364
3338
13107
13625
12813
2611
13108
12336
3338
13107
13622
12301
2611
13108
13368
3338
13107
13622
12301
2611
13109
13872
3338
12851
13325
2609
14647
3338
12848
13581
2609
14132
3338
12598
12813
2609
13616
3338
12595
13581
2609
13360
3338
12850
13069
2609
14391
3338
13107
13619
14093
2611
13109
13873
3338
13107
13366
13325
2611
13109
12856
3338
13107
13617
13837
2611
13109
13874
3338
13107
13360
12301
2611
13109
13104
3338
13107
13622
12301
2611
13108
13106
3338
12852
13837
2609
13878
3338
12593
12813
2609
14390
3338
12596
13837
2615
14349
2617
13837
2609
12851
3338
12595
12301
2609
12599
3338
13107
13112
13581
2611
13109
13872
3338
13107
13369
14349
2611
13109
13364
3338
13107
13623
13837
2611
13109
13880
3338
13107
13619
12301
2611
13107
13880
3338
13107
13617
12813
2611
13109
12856
3338
12600
12557
2613
12301
2609
12600
3338
12597
12557
2609
14645
3338
12853
13581
2610
12850
3338
12595
13069
2609
13363
3338
12597
12301
2611
13109
12597
3338
13107
13366
13325
2611
13107
14388
3338
13107
13622
12301
2611
13109
12594
3338
13107
13367
12813
2611
13108
14647
3338
13107
13369
13837
2611
13108
13876
3338
13107
13617
12813
2610
14391
3338
14131
3338
12599
12301
2609
12341
3338
12599
3338
12600
13325
2609
14128
3338
12849
13837
2610
13620
3338
12598
13069
2611
13109
12856
3338
13107
13625
12813
2611
13109
12856
3338
13107
13369
13837
2611
13109
14135
3338
13107
13109
12813
2611
13108
13876
3338
13107
13364
14349
2611
13109
12600
3338
13107
13617
13069
2610
13624
3338
12595
13069
2609
13361
3338
12594
12813
2614
12557
2609
14391
3338
12601
13069
2609
14393
3338
12598
12813
2616
14605
2611
13109
13110
3338
13107
13625
12813
2611
13109
14134
3338
13107
13366
13837
2611
13108
13368
3338
13107
13364
12301
2611
13108
14646
3338
13107
13617
12813
2611
13109
12594
3338
13107
13364
14349
2609
13106
3338
14641
3338
12597
12813
2609
13362
3338
12596
12557
2610
13360
3338
12598
13581
2609
14132
3338
12598
13069
2609
12343
3338
13107
13366
13325
2611
13109
14642
3338
13107
13369
13837
2611
13109
12594
3338
13107
13363
12813
2611
13108
13876
3338
13107
13622
12813
2611
13108
13106
3338
13107
13620
13325
2611
13109
13872
3338
12594
13069
2609
13624
3338
12594
12813
2609
12852
3338
12599
14605
2610
12599
3338
12850
13581
2609
14392
3338
12601
14349
2609
12598
3338
13107
13364
12301
2611
13109
13110
3338
13107
13622
12301
2611
13108
14384
3338
13107
13366
13325
2611
13109
13872
3338
13107
13622
12301
2611
13110
12344
3338
13107
13110
14349
2611
13109
13872
3338
12598
13837
2616
14349
2609
13364
3338
12851
13069
2613
14605
2609
12853
3338
12848
14093
2609
13105
3338
12849
13837
2609
12341
3338
13107
13619
13837
2611
13109
13880
3338
13107
13617
12813
2611
13108
13877
3338
13107
13363
12813
2611
13108
13617
3338
13107
13110
14349
2611
13108
13108
3338
13107
13617
13069
2611
13108
13106
3338
12601
12813
2610
12851
3338
12599
12813
2610
12337
3338
12595
14093
2609
13361
3338
12600
13581
2609
13368
3338
12593
13837
2609
14390
3338
13107
13364
14349
2611
13108
14646
3338
13107
13369
13837
2611
13108
12336
3338
13107
13360
12301
2611
13109
12594
3338
13107
13880
14349
2611
13107
12340
3338
13107
13876
12301
2611
13108
12336
3338
12851
13069
2610
12857
3338
12597
13581
2609
13621
3338
14646
3338
12599
12813
2616
14093
2610
13617
3338
12596
12301
2610
12852
3338
13107
13620
13325
2611
13108
13876
3338
13107
13622
12301
2611
13108
14384
3338
13107
13622
12301
2611
13109
13872
3338
13107
13623
13837
2611
13109
12596
3338
13107
13112
13325
2611
13108
13369
3338
12598
14605
2617
13325
2609
12848
3338
12600
14605
2610
12344
3338
12849
13069
2609
14385
3338
14135
3338
12594
13325
2609
14386
3338
13107
13618
14349
2611
13109
14137
3338
13107
13617
12813
2611
13109
13364
3338
13107
13363
12813
2611
13108
13876
3338
13107
13363
12813
2611
13108
13876
3338
13107
13622
12301
2611
13108
12598
3338
12848
14349
2609
14640
3338
12848
14093
2610
12595
3338
12598
13325
2610
13362
3338
14133
3338
12853
12813
2617
14093
2609
13362
3338
13107
13363
12813
2611
13108
14130
3338
13107
13620
13325
2611
13109
12595
3338
13107
13369
14093
2611
13107
13880
3338
13107
13364
14349
2611
13109
12857
3338
13107
13363
12813
2611
13109
12594
3338
12597
12813
2609
14393
3338
14393
3338
12848
14093
2610
12595
3338
12592
12557
2610
12849
3338
12850
13325
2609
13873
3338
12597
12557
2611
13108
13106
3338
13107
13619
12301
2611
13109
13110
3338
13107
13363
12813
2611
13108
13106
3338
13107
13622
12301
2611
13109
13872
3338
13107
13617
12813
2611
13108
13360
3338
13107
13622
12301
2609
13878
3338
14646
3338
12853
13069
2609
14384
3338
14132
3338
12600
14349
2609
12345
3338
12598
14349
2609
13368
3338
14133
3338
13107
13620
13325
2611
13109
14134
3338
13107
13622
12301
2611
13108
13108
3338
13107
13361
13837
2611
13109
13872
3338
13107
13618
14349
2611
13109
14642
3338
13107
13622
12301
2611
13109
14137
3338
12601
12813
2610
13877
3338
12598
12813
2609
13879
3338
14133
3338
12596
13837
2610
12848
3338
12849
13581
2609
13879
3338
12600
13581
2611
13109
13872
3338
13107
13368
12301
2611
13109
13872
3338
13107
13368
12301
2611
13109
13872
3338
13107
13366
13325
2611
13109
12340
3338
13107
13619
14093
2611
13109
12594
3338
13107
13622
12301
2610
13368
3338
12600
14605
2609
12852
3338
12592
12301
2609
12342
3338
12850
13581
2609
13109
3338
12595
14349
2616
12301
2610
13113
3338
13107
13110
14349
2611
13109
13872
3338
13107
13618
14349
2611
13109
13872
3338
13107
13364
14349
2611
13108
13107
3338
13107
13369
13837
2611
13108
14130
3338
13107
13619
13837
2611
13109
14642
3338
13109
13837
2609
12601
3338
12597
14349
2609
13107
3338
12854
14349
2610
13623
3338
12850
14605
2616
13837
2610
13069
2609
13107
3338
13107
13619
13837
2611
13108
13106
3338
13107
13617
12813
2611
13108
14646
3338
13107
13622
12301
2611
13109
13872
3338
13107
13622
12557
2611
13108
13106
3338
13107
13620
13325
2611
13109
12594
3338
12854
12813
2609
14643
3338
12601
12557
2609
12851
3338
12596
12557
2610
12594
3338
14131
3338
12592
14349
2609
12852
3338
12848
14349
2611
13108
12598
3338
13107
13625
13325
2611
13107
14134
3338
13107
13363
12813
2611
13109
14643
3338
13107
13620
13325
2611
13108
12598
3338
13107
13617
12813
2611
13109
13364
3338
13107
13622
12301
2610
13874
3338
14388
3338
12594
13069
2609
14128
3338
12595
14605
2609
14641
3338
12851
12301
2617
14093
2609
13876
3338
12595
12301
2611
13109
12599
3338
13107
13367
12813
2611
13109
12594
3338
13107
13369
13837
2611
13108
14646
3338
13107
13367
13069
2611
13109
12594
3338
13107
13618
14349
2611
13109
12594
3338
13107
13366
13325
2609
13366
3338
12595
14349
2609
14648
3338
12597
14605
2610
12342
3338
12852
12301
2609
13360
3338
12853
13325
2610
12857
3338
12601
13837
2611
13108
13877
3338
13107
13368
12301
2611
13109
12594
3338
13107
13366
13325
2611
13108
12336
3338
13107
13623
14093
2611
13108
13876
3338
13107
13366
13325
2611
13108
13106
3338
13107
13369
13837
2609
13619
3338
12850
12813
2610
12601
3338
12600
13581
2609
13625
3338
14648
3338
12601
14605
2617
13069
2610
13872
3338
14646
3338
13107
13363
12813
2611
13108
14646
3338
13107
13369
14349
2611
13109
13872
3338
13107
13874
13325
2611
13108
13106
3338
13107
13619
13837
2611
13108
13876
3338
13107
13620
13325
2611
13108
13876
3338
13104
12557
2609
13110
3338
12600
13581
2609
12848
3338
12855
12557
2609
14136
3338
12848
12813
2609
12856
3338
12598
14349
2609
14390
3338
13107
13618
14349
2611
13108
12336
3338
13107
13618
14349
2611
13109
14642
3338
13107
13619
13837
2611
13109
13872
3338
13107
13620
13325
2611
13109
13872
3338
13107
13364
12301
2611
13108
14384
3338
12596
12557
2609
14129
3338
12600
12813
2609
13872
3338
12853
12813
2609
13624
3338
12594
13325
2610
12337
3338
12596
13325
2609
12343
3338
13107
13622
14349
2611
13109
13880
3338
13107
13622
12301
2611
13109
14137
3338
13107
13364
14349
2611
13107
13880
3338
13107
13112
13325
2611
13109
13107
3338
13107
13619
13837
2611
13109
12594
3338
12593
12813
2609
13623
3338
12848
14605
2609
14640
3338
12596
14093
2617
13325
2610
12595
3338
12600
13581
2614
14093
2610
13113
3338
13107
13618
14349
2611
13108
13619
3338
13107
13618
14349
2611
13108
13106
3338
13107
13361
13837
2611
13109
14134
3338
13107
13368
12301
2611
13109
12597
3338
13107
13872
14349
2611
13109
12856
3338
12592
14093
2610
12594
3338
12597
13325
2609
14384
3338
12597
13581
2609
12855
3338
12600
14349
2609
12343
3338
12595
12557
2609
12848
3338
13107
13622
12301
2611
13109
13364
3338
13107
13623
13837
2611
13109
12857
3338
13107
13368
12301
2611
13108
14384
3338
13107
13622
12301
2611
13109
14642
3338
13107
13622
12813
2611
13109
13872
3338
12301
2609
14641
3338
12597
14605
2609
13876
3338
12595
13069
2609
13879
3338
14134
3338
12594
13837
2609
13111
3338
12597
12813
2611
13108
13106
3338
13107
13364
14349
2611
13109
12594
3338
13107
13369
13837
2611
13108
13877
3338
13107
13366
13325
2611
13109
12598
3338
13107
13369
13837
2611
13109
12598
3338
13107
13366
13581
2609
13875
3338
12848
13325
2610
12598
3338
12596
12301
2609
14640
3338
12593
13581
2609
13360
3338
12595
13837
2609
13368
3338
12849
13325
2611
13107
13880
3338
13107
13366
13325
2611
13108
12337
3338
13107
13623
13837
2611
13109
13880
3338
13107
13368
12301
2611
13108
14646
3338
13107
13619
12557
2611
13108
14384
3338
13107
13363
12813
2609
14643
3338
12601
14605
2610
13617
3338
12853
13069
2609
13104
3338
12594
14093
2610
12340
3338
12600
12813
2616
12557
2616
13581
2611
13109
13872
3338
13107
13363
12813
2611
13108
13876
3338
13107
13617
12813
2611
13108
14646
3338
13107
13625
12813
2611
13108
14130
3338
13107
13363
12813
2611
13109
13872
3338
13107
13622
14349
2609
12849
3338
12592
12301
2617
13837
2609
13875
3338
12597
13325
2609
14391
3338
12851
12813
2609
13879
3338
12598
14349
2609
13620
3338
13107
13368
12301
2611
13109
12856
3338
13107
13617
12813
2611
13109
12595
3338
13107
13617
12813
2611
13109
13872
3338
13107
13363
12813
2611
13109
14134
3338
13107
13369
13837
2611
13107
14388
3338
12594
12301
2609
12856
3338
12597
13837
2610
13875
3338
12596
12813
2610
12340
3338
12852
13325
2609
12854
3338
12852
12301
2609
13624
3338
13107
13617
12813
2611
13108
13876
3338
13107
13369
13837
2611
13108
14646
3338
13107
13110
14349
2611
13109
12856
3338
13107
13364
14349
2611
13108
13368
3338
13107
13616
13325
2611
13108
13876
3338
12593
13837
2609
13104
3338
12855
14605
2613
14605
2617
13837
2609
14387
3338
12852
12557
2609
13875
3338
12597
